0 Slonce-Ziemia 
400000000000 200000000000 0 0 0 0 1.989e30 
400000000000 347100000000 30287 0 0 0.05 5.972e24 
1 Ksiezyc-Ziemia 
400000000 150000000 -13.28 0 0 0 5.972e24
400000000 529000000 1080 0 0 0 7.347673e22
2 Gwiazda Podwójna HD 59686
2031288000000 162682800000 39499 0 0 0 3.7791e31
2031288000000 2031288000000 -12640 0 0 0 1.05417e32
3 Jowisz z 4 największymi księżycami
1000000000 700000000 0 0 0 0 1.8982e27
1000000000 30000000 -13750 0 0 0 4.7998e22
579000000 700000000 0 17340 0 0 8.9300e22
2882700000 700000000 0 -8204 0 0 1.0759e23
1000000000 1770400000 10880 0 0 0 1.4819e23
2 Gwiazda Podwójna HD 12329 z planetą
5031288000000 230682500000 39499 0 0 0 8.7791e29
5031288000000 179123800000 -12640 0 0 0 1.05417e30
5022288000000 242682500000 0 -40079 0 0 6.8713e18